553061 
548046 
553080 
548046 
553080 
661072 
652017 
1693005 
2985009 
2857028 
3023041 
2803010 
2852034 
3357002 
3215013 
3279009 
3257002 
5678006 
3984002 
4512003 
4590003 
515028 
3216004 
6034007 
6046006 
6246161 
6476006 
6474021 
6602044 
7043023 
6883059 
7077018 
7276039 
7253044 
7488002 
7454003 
9632002 
9669023 
9664025 
9677033 
8952021 
9660001 
9701038 
9233048 
9314007 
9581044 
9692035 
9716027 
9965117 
9663045 
9720004 
10263014 
10034017 
10416007 
8102002 
8392015 
8392015 
8997001 
8873031 
9169023 
6051013 
6469097 
10123017 
8873031 
10870003 
10957050 
11087040 
11087041 
11103024 
11191036 
11365276 
11618046 
11087040 
11087041 
9716027 
10517009 
10636056 
10837057 
11308194 
11280231 
11023012 
11358202 
